function cof_yd = pose_d_quintic(k1,k2,in3,in4,in5,in6,yd)
%POSE_D_QUINTIC
%    COF_YD = POSE_D_QUINTIC(K1,K2,IN3,IN4,IN5,IN6,YD)

%    This function was generated by the Symbolic Math Toolbox version 8.6.
%    13-Apr-2022 16:23:34

R_1_1 = in3(1);
R_1_2 = in3(4);
R_1_3 = in3(7);
R_2_1 = in3(2);
R_2_2 = in3(5);
R_2_3 = in3(8);
R_3_1 = in3(3);
R_3_2 = in3(6);
R_3_3 = in3(9);
p1_1 = in5(1,:);
p1_2 = in5(2,:);
p1_3 = in5(3,:);
p2_1 = in6(1,:);
p2_2 = in6(2,:);
p2_3 = in6(3,:);
t_1 = in4(1,:);
t_2 = in4(2,:);
t_3 = in4(3,:);
t2 = R_1_1.*p1_1;
t3 = R_1_2.*p1_2;
t4 = R_1_3.*p1_3;
t5 = R_2_1.*p1_1;
t6 = R_2_2.*p1_2;
t7 = R_2_3.*p1_3;
t8 = R_3_1.*p1_1;
t9 = R_3_2.*p1_2;
t10 = R_3_3.*p1_3;
t11 = -p2_1;
t12 = -p2_2;
t13 = -p2_3;
t14 = p1_1+t11;
t15 = p1_2+t12;
t16 = p1_3+t13;
t26 = t2+t3+t4+t_1;
t27 = t5+t6+t7+t_2;
t28 = t8+t9+t10+t_3;
t17 = R_1_1.*t14;
t18 = R_1_2.*t15;
t19 = R_1_3.*t16;
t20 = R_2_1.*t14;
t21 = R_2_2.*t15;
t22 = R_2_3.*t16;
t23 = R_3_1.*t14;
t24 = R_3_2.*t15;
t25 = R_3_3.*t16;
t29 = t26.^2;
t30 = t27.^2;
t31 = t28.^2;
t32 = t28.^3;
t33 = t31.^2;
t34 = t17+t18+t19;
t35 = t20+t21+t22;
t36 = t23+t24+t25;
t37 = t29+t30;
t38 = t34.^2;
t39 = t35.^2;
t40 = t36.^2;
t41 = t36.^3;
t43 = t37.^2;
t45 = t26.*t34.*2.0;
t46 = t27.*t35.*2.0;
t48 = t32.*t36.*4.0;
t50 = k1.*t31.*t37;
t55 = k1.*t28.*t36.*t37.*2.0;
t42 = t40.^2;
t44 = k2.*t43;
t47 = t28.*t41.*4.0;
t49 = t31.*t40.*6.0;
t51 = t38+t39;
t52 = k1.*t37.*t40;
t57 = t45+t46;
t53 = t51.^2;
t56 = k1.*t31.*t51;
t58 = t57.^2;
t59 = k1.*t40.*t51;
t60 = t37.*t51.*2.0;
t61 = t33+t44+t50;
t62 = k1.*t31.*t57;
t63 = k1.*t28.*t36.*t51.*2.0;
t64 = k1.*t40.*t57;
t65 = k2.*t37.*t57.*2.0;
t66 = k1.*t28.*t36.*t57.*2.0;
t67 = k2.*t51.*t57.*2.0;
t54 = k2.*t53;
t68 = t58+t60;
t71 = t48+t55+t62+t65;
t72 = t47+t63+t64+t67;
t69 = k2.*t68;
t70 = t42+t54+t59;
t73 = t49+t52+t56+t66+t69;
cof_yd = [t35.*t70-t36.^5.*yd,-t27.*t70-t35.*t72+t28.*t42.*yd.*5.0,t27.*t72+t35.*t73-t31.*t41.*yd.*1.0e+1,-t27.*t73-t35.*t71+t32.*t40.*yd.*1.0e+1,t35.*t61+t27.*t71-t33.*t36.*yd.*5.0,-t27.*t61+t28.^5.*yd];
