function Q = pmd_coefficients_6pt(o, qn, qN)
o_1 = o(1);
o_2 = o(2);
o_3 = o(3);
qn_1 = qn(1);
qn_2 = qn(2);
qn_3 = qn(3);
qN_1 = qN(1);
qN_2 = qN(2);
qN_3 = qN(3);

%PMD_COEFFICIENTS_6PT
%    Q = PMD_COEFFICIENTS_6PT(O_1,O_2,O_3,QN_1,QN_2,QN_3,QN_1,QN_2,QN_3)

%    This function was generated by the Symbolic Math Toolbox version 8.6.
%    26-Apr-2023 23:42:55

t2 = o_1.*qn_2;
t3 = o_2.*qn_1;
t4 = o_1.*qn_3;
t5 = o_3.*qn_1;
t6 = o_2.*qn_3;
t7 = o_3.*qn_2;
t8 = t2.*2.0;
t9 = t3.*2.0;
t10 = t4.*2.0;
t11 = t5.*2.0;
t12 = t6.*2.0;
t13 = t7.*2.0;
t14 = -t3;
t16 = -t5;
t18 = -t7;
t15 = -t9;
t17 = -t11;
t19 = -t13;
t20 = t2+t14;
t21 = t4+t16;
t22 = t6+t18;
t23 = t8+t15;
t24 = t10+t17;
t25 = t12+t19;
t26 = qN_3.*t20;
t27 = qN_2.*t21;
t28 = qN_1.*t22;
t29 = qN_1.*t23;
t30 = qN_2.*t23;
t31 = qN_1.*t24;
t32 = qN_3.*t24;
t33 = qN_2.*t25;
t34 = qN_3.*t25;
t35 = -t26;
t36 = -t27;
t37 = -t28;
t38 = -t30;
t39 = -t34;
Q = [t26+t36+t37,t31-t33,-t29+t39,-t32+t38,t26+t27+t28,t32+t38,t29+t39,t28+t35+t36,t31+t33,t27+t35+t37];
